"GiroX"	"GiroY"	"GiroZ"	"Class"
-19.4177	156.6322	-16.3117	"Delante"
-12.9277	143.0327	-19.4268	"Delante"
-15.8038	146.383	-11.1504	"Delante"
-12.5054	106.012	-3.555	"Delante"
-10.4284	93.1131	-9.3318	"Delante"
-10.3734	73.5904	-3.8568	"Delante"
-11.9554	120.9964	-1.6856	"Delante"
-13.1323	208.5144	-11.7307	"Delante"
7.1129	163.5876	-26.3445	"Delante"
30.4049	154.988	-20.9322	"Delante"
-7.5477	96.9693	-3.4823	"Delante"
-15.1126	130.507	7.3313	"Delante"
-13.7407	88.3779	-1.1541	"Delante"
-5.6784	64.883	-2.0344	"Delante"
-10.8332	73.356	1.4351	"Delante"
-8.1354	68.6118	-0.0349	"Delante"
-2.0713	95.352	-1.9937	"Delante"
53.2473	171.9402	-57.3331	"Delante"
21.1758	117.0884	-11.8113	"Delante"
14.2615	105.3804	6.1356	"Delante"
9.0045	116.8604	11.1875	"Delante"
-14.7989	90.6709	2.781	"Delante"
-3.6214	121.6443	-11.9876	"Delante"
5.1001	130.6509	1.0546	"Delante"
12.5653	121.129	-1.1941	"Delante"
-10.1914	137.6137	-1.4539	"Delante"
-35.4727	130.0811	-6.6154	"Delante"
-44.7353	146.3557	-6.2851	"Delante"
-61.9724	236.9763	-8.3603	"Delante"
-31.2906	192.3971	-33.389	"Delante"
9.0983	150.5672	-7.834	"Delante"
-2.4677	127.0756	1.4183	"Delante"
-16.0272	121.5325	7.032	"Delante"
-36.4073	139.5874	-2.7956	"Delante"
-9.4028	130.3641	-1.9259	"Delante"
-13.813	124.3881	-1.9896	"Delante"
-20.3647	128.8287	2.5521	"Delante"
-7.3876	124.7498	-10.7201	"Delante"
-4.1094	112.6832	-5.5108	"Delante"
-13.2833	104.2203	-7.4052	"Delante"
-14.5443	67.1373	-0.5417	"Delante"
-14.714	67.7807	0.817	"Delante"
-15.3911	77.6078	-0.1833	"Delante"
-16.1182	68.32	-3.122	"Delante"
-17.7697	63.5707	-1.8133	"Delante"
-13.9501	112.8827	-3.9391	"Delante"
11.9673	144.8042	-9.6492	"Delante"
-1.9457	122.0272	-10.9462	"Delante"
11.3264	133.2293	-11.3984	"Delante"
28.2008	120.374	-1.673	"Delante"
25.9882	105.5709	1.405	"Delante"
16.8764	181.4529	-2.5687	"Delante"
0.8608	309.1079	7.5109	"Delante"
-18.6617	292.3133	17.1412	"Delante"
-9.5453	223.3696	7.8837	"Delante"
-2.8871	132.4991	7.4236	"Delante"
-4.8754	70.1103	0.2457	"Delante"
-6.0361	63.224	1.3171	"Delante"
-6.4238	61.8324	1.9908	"Delante"
-7.8353	74.3042	0.5754	"Delante"
-7.0868	54.0016	0.5838	"Delante"
-5.6842	88.6974	-2.1736	"Delante"
-10.2919	271.5241	22.8307	"Delante"
-14.3013	339.6475	46.0975	"Delante"
-12.7518	283.9216	23.7776	"Delante"
42.3174	262.5835	6.3174	"Delante"
49.3648	260.3351	-22.0864	"Delante"
47.457	254.448	-10.8332	"Delante"
44.0212	259.1934	-15.4603	"Delante"
49.9415	248.5938	-15.2312	"Delante"
55.2494	251.075	-28.983	"Delante"
58.4988	225.6903	-23.6242	"Delante"
37.6929	241.5081	-14.348	"Delante"
17.8434	337.0407	20.6572	"Delante"
-6.4896	294.3833	28.2535	"Delante"
-20.442	272.3602	18.8865	"Delante"
-5.2899	169.65	11.8182	"Delante"
4.4564	189.7113	12.2067	"Delante"
6.4807	162.4498	8.4973	"Delante"
1.7321	118.4702	1.4479	"Delante"
-4.6613	144.4523	5.6631	"Delante"
1.3459	166.9809	11.1666	"Delante"
-1.1482	125.598	-1.4251	"Delante"
-2.799	125.2824	1.5451	"Delante"
-5.6896	101.5209	1.8064	"Delante"
-7.0741	99.9486	-3.5973	"Delante"
-7.4083	135.0073	1.5001	"Delante"
9.0859	243.1216	3.5007	"Delante"
31.0462	363.292	13.6014	"Delante"
56.9606	360.1632	12.208	"Delante"
46.9628	371.0911	11.3603	"Delante"
64.3199	302.2416	26.6886	"Delante"
29.449	217.5729	8.845	"Delante"
40.7214	209.6187	-4.4521	"Delante"
16.6674	149.2526	8.9099	"Delante"
11.8288	117.9657	12.7702	"Delante"
12.7747	64.7034	7.6548	"Delante"
12.6667	73.041	8.1695	"Delante"
14.3366	74.6155	8.6533	"Delante"
14.5735	77.6368	-1.01	"Delante"
16.0006	83.2518	-3.2924	"Delante"
15.323	77.2952	-3.5177	"Delante"
14.2184	108.0453	-2.3765	"Delante"
-94.0857	211.8297	18.4786	"Delante"
-95.1084	192.2959	31.6445	"Delante"
-52.0491	164.1682	4.8287	"Delante"
-60.0574	124.5095	9.3198	"Delante"
-67.4475	133.5019	14.9762	"Delante"
-45.1076	118.6096	-0.6016	"Delante"
-51.6096	133.327	0.3079	"Delante"
-57.1368	132.2866	-3.3742	"Delante"
-52.2289	162.1966	-15.572	"Delante"
-38.8144	121.0369	-3.8551	"Delante"
-41.8599	140.5336	-7.2446	"Delante"
-31.5343	145.2472	-4.4906	"Delante"
19.8754	180.6416	1.8798	"Delante"
13.836	198.39	10.1018	"Delante"
-47.6754	125.8978	1.7768	"Delante"
-44.6299	120.938	-14.426	"Delante"
-48.9546	133.1875	-1.015	"Delante"
-50.952	122.1693	-0.504	"Delante"
-29.0231	110.5755	-4.2289	"Delante"
-46.2202	106.0137	3.4935	"Delante"
-26.4532	97.7979	-4.6751	"Delante"
-30.5436	101.4378	-7.1105	"Delante"
-38.0901	106.9865	-4.8223	"Delante"
-43.2651	112.3312	-4.0595	"Delante"
-35.3619	108.2894	4.4993	"Delante"
-19.4042	107.4326	4.4888	"Delante"
-27.3434	137.5232	1.9748	"Delante"
-25.8222	121.2317	3.6114	"Delante"
-27.5261	122.7162	8.1105	"Delante"
-23.3036	124.7328	30.2092	"Delante"
-32.7664	125.1929	1.6708	"Delante"
-29.8643	104.7685	3.56	"Delante"
-16.9151	84.153	3.1376	"Delante"
-17.4249	111.4195	8.5097	"Delante"
-26.8446	111.8462	10.7013	"Delante"
-25.1233	87.2847	-7.5933	"Delante"
-22.3832	76.7899	5.5841	"Delante"
-21.9218	76.9003	11.6221	"Delante"
-12.42	41.5511	-2.1378	"Delante"
-16.5394	68.1346	3.4338	"Delante"
-3.2266	50.238	6.7406	"Delante"
-10.6998	79.1135	6.1281	"Delante"
4.1135	108.3891	10.1065	"Delante"
16.4344	121.1519	8.7163	"Delante"
5.5141	102.2811	8.263	"Delante"
-1.0708	99.4995	10.1444	"Delante"
-14.3856	108.0262	7.3137	"Delante"
-10.7855	101.308	4.0869	"Delante"
-11.9848	112.5962	10.9932	"Delante"
