"GiroX"	"GiroY"	"GiroZ"	"Class"
19.928	-146.0257	13.5071	"Atras"
9.818	-124.7326	17.7217	"Atras"
15.888	-134.6609	10.8585	"Atras"
17.1105	-117.9148	5.9958	"Atras"
12.4758	-99.8156	6.3923	"Atras"
7.6827	-74.9769	4.7447	"Atras"
10.8533	-112.7199	5.2778	"Atras"
16.5601	-200.9229	2.3059	"Atras"
3.4759	-175.0076	-9.6935	"Atras"
-28.6373	-168.6543	-10.5203	"Atras"
1.1023	-110.2643	2.1618	"Atras"
18.1264	-122.9587	1.4748	"Atras"
14.1142	-74.9472	0.2442	"Atras"
7.0527	-70.583	0.6326	"Atras"
12.1327	-70.2265	-0.5403	"Atras"
3.7066	-78.8711	-3.0488	"Atras"
0.113	-100.2258	11.394	"Atras"
-38.9956	-165.7961	17.3104	"Atras"
-26.7154	-120.765	0.2976	"Atras"
-5.6538	-124.0953	-2.3236	"Atras"
-5.5394	-101.3517	-7.8696	"Atras"
8.1479	-98.3439	11.1171	"Atras"
1.8249	-112.8459	13.0385	"Atras"
-2.9163	-120.0186	7.6843	"Atras"
-7.4955	-96.661	5.4307	"Atras"
-0.2632	-121.8295	5.5776	"Atras"
41.2937	-145.5545	5.8614	"Atras"
37.6831	-123.3751	9.0001	"Atras"
64.4431	-216.2784	13.8638	"Atras"
69.7087	-224.9588	28.6586	"Atras"
-13.6322	-123.9208	4.0707	"Atras"
4.5319	-124.4886	-0.4279	"Atras"
35.1562	-115.4986	-5.039	"Atras"
11.7444	-127.0557	1.5173	"Atras"
38.0826	-108.4537	3.299	"Atras"
17.7316	-121.7528	-4.9524	"Atras"
1.705	-126.3645	11.1886	"Atras"
3.7767	-102.8775	6.2392	"Atras"
18.1303	-119.8105	11.1471	"Atras"
18.3745	-113.3378	6.2144	"Atras"
12.5113	-91.1112	7.6251	"Atras"
15.4101	-68.2824	-0.1748	"Atras"
14.5664	-73.2757	1.2004	"Atras"
13.1229	-59.2044	2.0636	"Atras"
17.9292	-67.8259	3.2339	"Atras"
19.3156	-66.547	3.8561	"Atras"
14.021	-102.3539	1.8353	"Atras"
-11.867	-139.3055	-17.6285	"Atras"
-6.5149	-118.8093	-6.5398	"Atras"
-4.488	-125.9761	9.3449	"Atras"
-38.3502	-125.9107	-2.3168	"Atras"
-30.345	-114.1237	-0.9218	"Atras"
-6.1323	-191.0944	-12.3478	"Atras"
12.3818	-256.5788	-21.1364	"Atras"
23.1146	-260.7845	-35.4456	"Atras"
21.3803	-222.0732	-27.5081	"Atras"
11.6321	-154.9059	-12.6887	"Atras"
8.4616	-101.8931	-6.2172	"Atras"
8.9535	-72.5265	-1.5701	"Atras"
7.8682	-71.046	-0.5191	"Atras"
4.5108	-68.1543	1.7271	"Atras"
4.6746	-82.147	3.3898	"Atras"
19.2822	-193.3667	-18.136	"Atras"
16.7883	-277.1384	-45.2757	"Atras"
26.1479	-306.5287	-50.2734	"Atras"
13.0359	-273.1297	-3.0654	"Atras"
-0.0699	-294.692	17.0818	"Atras"
-1.9465	-263.6702	26.1324	"Atras"
10.3682	-282.288	20.7445	"Atras"
8.6637	-271.9655	25.7652	"Atras"
-5.1982	-266.2066	36.1133	"Atras"
-6.4981	-263.9879	35.3585	"Atras"
-12.0734	-248.6888	24.2266	"Atras"
-10.2254	-258.6325	-27.0783	"Atras"
5.2485	-293.4402	-36.3485	"Atras"
14.261	-245.607	-35.6824	"Atras"
11.5905	-200.7659	-20.5464	"Atras"
11.3831	-180.1214	-19.8055	"Atras"
-2.0783	-145.9352	-10.7982	"Atras"
-4.0626	-122.4818	-7.7324	"Atras"
4.4654	-135.5834	1.2152	"Atras"
3.5501	-136.3413	-10.3651	"Atras"
1.9432	-141.8846	-9.872	"Atras"
0.5794	-110.9497	-1.2552	"Atras"
1.9707	-124.1588	1.4847	"Atras"
5.0012	-103.7194	0.837	"Atras"
8.5264	-100.585	-1.2855	"Atras"
8.4252	-121.4034	-2.034	"Atras"
-1.4892	-179.2256	-7.1883	"Atras"
-9.8652	-240.6115	-15.4579	"Atras"
-34.577	-325.8241	-32.2901	"Atras"
-31.0503	-283.2902	-25.893	"Atras"
-34.8229	-318.0485	-33.5925	"Atras"
-30.6182	-262.2073	-48.3516	"Atras"
-38.826	-207.5734	-39.6905	"Atras"
-43.6215	-206.9764	-22.2936	"Atras"
-24.4923	-171.7461	-17.2924	"Atras"
-9.244	-111.299	-16.2494	"Atras"
-15.6842	-90.6795	-15.0783	"Atras"
-13.1343	-70.2502	-8.5721	"Atras"
-14.5743	-67.9465	-5.9357	"Atras"
-21.9241	-101.099	-7.3142	"Atras"
-13.1551	-72.2299	7.0207	"Atras"
-16.9749	-76.5717	-0.8926	"Atras"
-19.5899	-91.673	2.6534	"Atras"
71.2803	-185.2158	11.3056	"Atras"
79.9368	-196.8372	7.1104	"Atras"
50.6177	-189.0491	23.2595	"Atras"
44.6325	-121.1599	3.8364	"Atras"
57.384	-126.7245	-6.0325	"Atras"
45.1384	-140.6529	4.2094	"Atras"
39.9184	-105.6991	5.2173	"Atras"
55.9803	-144.6871	10.6869	"Atras"
45.4087	-136.0287	2.2377	"Atras"
37.3462	-134.7994	10.9894	"Atras"
37.3392	-115.6942	4.3636	"Atras"
28.309	-139.8981	9.2315	"Atras"
25.2615	-146.4997	15.1044	"Atras"
-38.4299	-170.7258	-24.0964	"Atras"
-0.896	-168.1002	11.3242	"Atras"
45.3052	-123.8216	15.9207	"Atras"
20.268	-120.9887	8.493	"Atras"
50.5429	-123.2217	4.4509	"Atras"
41.6674	-112.6194	2.2327	"Atras"
47.1359	-98.0582	7.3338	"Atras"
28.2853	-112.8172	5.139	"Atras"
39.7356	-95.0396	10.2459	"Atras"
25.1346	-102.9402	16.7545	"Atras"
33.4205	-101.1491	7.5231	"Atras"
34.5499	-103.3732	7.4469	"Atras"
36.245	-100.2854	-8.6614	"Atras"
16.7356	-103.4646	-2.3286	"Atras"
26.8245	-134.8548	2.5704	"Atras"
24.441	-113.4945	0.3774	"Atras"
14.1715	-103.5295	-1.054	"Atras"
20.3584	-134.6182	-38.7059	"Atras"
23.4828	-98.558	0.5751	"Atras"
32.7539	-127.7001	1.7303	"Atras"
14.3553	-102.5978	-2.4651	"Atras"
19.5528	-113.6341	-6.4108	"Atras"
22.3059	-129.2819	-4.564	"Atras"
38.3778	-103.2864	-9.7567	"Atras"
18.8517	-72.3203	-13.8046	"Atras"
23.826	-77.6988	-10.8183	"Atras"
21.9805	-83.4066	-9.4176	"Atras"
12.4104	-76.8235	-13.4852	"Atras"
1.931	-75.2625	-11.3839	"Atras"
-5.6055	-119.3112	-11.3554	"Atras"
-12.7571	-127.9154	-7.6102	"Atras"
0.0378000000000001	-100.0472	-3.7037	"Atras"
10.2226	-95.3008	-6.3945	"Atras"
5.5265	-89.6805	-7.2735	"Atras"
