"GiroX"	"GiroY"	"GiroZ"	"Class"
0.0265706666666667	-0.194700933333333	0.0180094666666667	"Atras"
0.0130906666666667	-0.166310133333333	0.0236289333333333	"Atras"
0.021184	-0.179547866666667	0.014478	"Atras"
0.022814	-0.157219733333333	0.0079944	"Atras"
0.0166344	-0.133087466666667	0.00852306666666667	"Atras"
0.0102436	-0.0999692	0.00632626666666667	"Atras"
0.0144710666666667	-0.1502932	0.00703706666666667	"Atras"
0.0220801333333333	-0.2678972	0.00307453333333333	"Atras"
0.00463453333333333	-0.233343466666667	-0.0129246666666667	"Atras"
-0.0381830666666667	-0.2248724	-0.0140270666666667	"Atras"
0.00146973333333333	-0.147019066666667	0.0028824	"Atras"
0.0241685333333333	-0.163944933333333	0.0019664	"Atras"
0.0188189333333333	-0.0999296	0.0003256	"Atras"
0.0094036	-0.0941106666666667	0.000843466666666667	"Atras"
0.0161769333333333	-0.0936353333333333	-0.0007204	"Atras"
0.00494213333333333	-0.105161466666667	-0.00406506666666667	"Atras"
0.000150666666666667	-0.1336344	0.015192	"Atras"
-0.0519941333333333	-0.221061466666667	0.0230805333333333	"Atras"
-0.0356205333333333	-0.16102	0.0003968	"Atras"
-0.0075384	-0.1654604	-0.00309813333333333	"Atras"
-0.00738586666666667	-0.1351356	-0.0104928	"Atras"
0.0108638666666667	-0.1311252	0.0148228	"Atras"
0.0024332	-0.1504612	0.0173846666666667	"Atras"
-0.0038884	-0.1600248	0.0102457333333333	"Atras"
-0.009994	-0.128881333333333	0.00724093333333333	"Atras"
-0.000350933333333333	-0.162439333333333	0.0074368	"Atras"
0.0550582666666667	-0.194072666666667	0.0078152	"Atras"
0.0502441333333333	-0.164500133333333	0.0120001333333333	"Atras"
0.0859241333333333	-0.2883712	0.0184850666666667	"Atras"
0.0929449333333333	-0.299945066666667	0.0382114666666667	"Atras"
-0.0181762666666667	-0.165227733333333	0.0054276	"Atras"
0.00604253333333333	-0.1659848	-0.000570533333333333	"Atras"
0.0468749333333333	-0.153998133333333	-0.00671866666666667	"Atras"
0.0156592	-0.1694076	0.00202306666666667	"Atras"
0.0507768	-0.144604933333333	0.00439866666666667	"Atras"
0.0236421333333333	-0.162337066666667	-0.0066032	"Atras"
0.00227333333333333	-0.168486	0.0149181333333333	"Atras"
0.0050356	-0.13717	0.00831893333333333	"Atras"
0.0241737333333333	-0.159747333333333	0.0148628	"Atras"
0.0244993333333333	-0.151117066666667	0.00828586666666667	"Atras"
0.0166817333333333	-0.1214816	0.0101668	"Atras"
0.0205468	-0.0910432	-0.000233066666666667	"Atras"
0.0194218666666667	-0.0977009333333333	0.00160053333333333	"Atras"
0.0174972	-0.0789392	0.00275146666666667	"Atras"
0.0239056	-0.0904345333333333	0.00431186666666667	"Atras"
0.0257541333333333	-0.0887293333333333	0.00514146666666667	"Atras"
0.0186946666666667	-0.136471866666667	0.00244706666666667	"Atras"
-0.0158226666666667	-0.185740666666667	-0.0235046666666667	"Atras"
-0.00868653333333333	-0.1584124	-0.00871973333333333	"Atras"
-0.005984	-0.167968133333333	0.0124598666666667	"Atras"
-0.0511336	-0.167880933333333	-0.00308906666666667	"Atras"
-0.04046	-0.152164933333333	-0.00122906666666667	"Atras"
-0.0081764	-0.254792533333333	-0.0164637333333333	"Atras"
0.0165090666666667	-0.342105066666667	-0.0281818666666667	"Atras"
0.0308194666666667	-0.347712666666667	-0.0472608	"Atras"
0.0285070666666667	-0.2960976	-0.0366774666666667	"Atras"
0.0155094666666667	-0.2065412	-0.0169182666666667	"Atras"
0.0112821333333333	-0.135857466666667	-0.0082896	"Atras"
0.011938	-0.096702	-0.00209346666666667	"Atras"
0.0104909333333333	-0.094728	-0.000692133333333333	"Atras"
0.0060144	-0.0908724	0.0023028	"Atras"
0.0062328	-0.109529333333333	0.00451973333333333	"Atras"
0.0257096	-0.257822266666667	-0.0241813333333333	"Atras"
0.0223844	-0.369517866666667	-0.0603676	"Atras"
0.0348638666666667	-0.408704933333333	-0.0670312	"Atras"
0.0173812	-0.364172933333333	-0.0040872	"Atras"
-9.32e-05	-0.392922666666667	0.0227757333333333	"Atras"
-0.00259533333333333	-0.351560266666667	0.0348432	"Atras"
0.0138242666666667	-0.376384	0.0276593333333333	"Atras"
0.0115516	-0.362620666666667	0.0343536	"Atras"
-0.00693093333333333	-0.354942133333333	0.0481510666666667	"Atras"
-0.00866413333333333	-0.351983866666667	0.0471446666666667	"Atras"
-0.0160978666666667	-0.331585066666667	0.0323021333333333	"Atras"
-0.0136338666666667	-0.344843333333333	-0.0361044	"Atras"
0.006998	-0.3912536	-0.0484646666666667	"Atras"
0.0190146666666667	-0.327476	-0.0475765333333333	"Atras"
0.015454	-0.267687866666667	-0.0273952	"Atras"
0.0151774666666667	-0.240161866666667	-0.0264073333333333	"Atras"
-0.00277106666666667	-0.194580266666667	-0.0143976	"Atras"
-0.0054168	-0.163309066666667	-0.0103098666666667	"Atras"
0.00595386666666667	-0.180777866666667	0.00162026666666667	"Atras"
0.00473346666666667	-0.1817884	-0.0138201333333333	"Atras"
0.00259093333333333	-0.189179466666667	-0.0131626666666667	"Atras"
0.000772533333333333	-0.147932933333333	-0.0016736	"Atras"
0.0026276	-0.165545066666667	0.0019796	"Atras"
0.00666826666666667	-0.138292533333333	0.001116	"Atras"
0.0113685333333333	-0.134113333333333	-0.001714	"Atras"
0.0112336	-0.1618712	-0.002712	"Atras"
-0.0019856	-0.238967466666667	-0.0095844	"Atras"
-0.0131536	-0.320815333333333	-0.0206105333333333	"Atras"
-0.0461026666666667	-0.434432133333333	-0.0430534666666667	"Atras"
-0.0414004	-0.377720266666667	-0.034524	"Atras"
-0.0464305333333333	-0.424064666666667	-0.04479	"Atras"
-0.0408242666666667	-0.349609733333333	-0.0644688	"Atras"
-0.051768	-0.276764533333333	-0.0529206666666667	"Atras"
-0.058162	-0.275968533333333	-0.0297248	"Atras"
-0.0326564	-0.2289948	-0.0230565333333333	"Atras"
-0.0123253333333333	-0.148398666666667	-0.0216658666666667	"Atras"
-0.0209122666666667	-0.120906	-0.0201044	"Atras"
-0.0175124	-0.0936669333333333	-0.0114294666666667	"Atras"
-0.0194324	-0.0905953333333333	-0.00791426666666667	"Atras"
-0.0292321333333333	-0.134798666666667	-0.00975226666666667	"Atras"
-0.0175401333333333	-0.0963065333333333	0.00936093333333333	"Atras"
-0.0226332	-0.1020956	-0.00119013333333333	"Atras"
-0.0261198666666667	-0.122230666666667	0.00353786666666667	"Atras"
0.0950404	-0.2469544	0.0150741333333333	"Atras"
0.1065824	-0.2624496	0.00948053333333333	"Atras"
0.0674902666666667	-0.252065466666667	0.0310126666666667	"Atras"
0.05951	-0.161546533333333	0.0051152	"Atras"
0.076512	-0.168966	-0.00804333333333333	"Atras"
0.0601845333333333	-0.1875372	0.00561253333333333	"Atras"
0.0532245333333333	-0.140932133333333	0.0069564	"Atras"
0.0746404	-0.192916133333333	0.0142492	"Atras"
0.0605449333333333	-0.1813716	0.0029836	"Atras"
0.0497949333333333	-0.179732533333333	0.0146525333333333	"Atras"
0.0497856	-0.154258933333333	0.00581813333333333	"Atras"
0.0377453333333333	-0.1865308	0.0123086666666667	"Atras"
0.033682	-0.195332933333333	0.0201392	"Atras"
-0.0512398666666667	-0.2276344	-0.0321285333333333	"Atras"
-0.00119466666666667	-0.2241336	0.0150989333333333	"Atras"
0.0604069333333333	-0.165095466666667	0.0212276	"Atras"
0.027024	-0.161318266666667	0.011324	"Atras"
0.0673905333333333	-0.1642956	0.00593453333333333	"Atras"
0.0555565333333333	-0.1501592	0.00297693333333333	"Atras"
0.0628478666666667	-0.130744266666667	0.0097784	"Atras"
0.0377137333333333	-0.150422933333333	0.006852	"Atras"
0.0529808	-0.126719466666667	0.0136612	"Atras"
0.0335128	-0.1372536	0.0223393333333333	"Atras"
0.0445606666666667	-0.134865466666667	0.0100308	"Atras"
0.0460665333333333	-0.137830933333333	0.0099292	"Atras"
0.0483266666666667	-0.133713866666667	-0.0115485333333333	"Atras"
0.0223141333333333	-0.1379528	-0.0031048	"Atras"
0.035766	-0.1798064	0.0034272	"Atras"
0.032588	-0.151326	0.0005032	"Atras"
0.0188953333333333	-0.138039333333333	-0.00140533333333333	"Atras"
0.0271445333333333	-0.179490933333333	-0.0516078666666667	"Atras"
0.0313104	-0.131410666666667	0.0007668	"Atras"
0.0436718666666667	-0.1702668	0.00230706666666667	"Atras"
0.0191404	-0.136797066666667	-0.0032868	"Atras"
0.0260704	-0.151512133333333	-0.00854773333333333	"Atras"
0.0297412	-0.172375866666667	-0.00608533333333333	"Atras"
0.0511704	-0.1377152	-0.0130089333333333	"Atras"
0.0251356	-0.0964270666666667	-0.0184061333333333	"Atras"
0.031768	-0.1035984	-0.0144244	"Atras"
0.0293073333333333	-0.1112088	-0.0125568	"Atras"
0.0165472	-0.102431333333333	-0.0179802666666667	"Atras"
0.00257466666666667	-0.10035	-0.0151785333333333	"Atras"
-0.007474	-0.1590816	-0.0151405333333333	"Atras"
-0.0170094666666667	-0.170553866666667	-0.0101469333333333	"Atras"
5.04000000000001e-05	-0.133396266666667	-0.00493826666666667	"Atras"
0.0136301333333333	-0.127067733333333	-0.008526	"Atras"
0.00736866666666667	-0.119574	-0.009698	"Atras"
-0.0258902666666667	0.208842933333333	-0.0217489333333333	"Delante"
-0.0172369333333333	0.190710266666667	-0.0259024	"Delante"
-0.0210717333333333	0.195177333333333	-0.0148672	"Delante"
-0.0166738666666667	0.141349333333333	-0.00474	"Delante"
-0.0139045333333333	0.1241508	-0.0124424	"Delante"
-0.0138312	0.0981205333333333	-0.0051424	"Delante"
-0.0159405333333333	0.161328533333333	-0.00224746666666667	"Delante"
-0.0175097333333333	0.2780192	-0.0156409333333333	"Delante"
0.00948386666666667	0.2181168	-0.035126	"Delante"
0.0405398666666667	0.206650666666667	-0.0279096	"Delante"
-0.0100636	0.1292924	-0.00464306666666667	"Delante"
-0.0201501333333333	0.174009333333333	0.00977506666666667	"Delante"
-0.0183209333333333	0.1178372	-0.0015388	"Delante"
-0.0075712	0.0865106666666667	-0.00271253333333333	"Delante"
-0.0144442666666667	0.097808	0.00191346666666667	"Delante"
-0.0108472	0.0914824	-4.65333333333333e-05	"Delante"
-0.00276173333333333	0.127136	-0.00265826666666667	"Delante"
0.0709964	0.2292536	-0.0764441333333333	"Delante"
0.0282344	0.156117866666667	-0.0157484	"Delante"
0.0190153333333333	0.1405072	0.0081808	"Delante"
0.012006	0.155813866666667	0.0149166666666667	"Delante"
-0.0197318666666667	0.120894533333333	0.003708	"Delante"
-0.00482853333333333	0.1621924	-0.0159834666666667	"Delante"
0.00680013333333333	0.1742012	0.00140613333333333	"Delante"
0.0167537333333333	0.161505333333333	-0.00159213333333333	"Delante"
-0.0135885333333333	0.183484933333333	-0.00193853333333333	"Delante"
-0.0472969333333333	0.173441466666667	-0.00882053333333333	"Delante"
-0.0596470666666667	0.195140933333333	-0.00838013333333333	"Delante"
-0.0826298666666667	0.3159684	-0.0111470666666667	"Delante"
-0.0417208	0.256529466666667	-0.0445186666666667	"Delante"
0.0121310666666667	0.200756266666667	-0.0104453333333333	"Delante"
-0.00329026666666667	0.169434133333333	0.00189106666666667	"Delante"
-0.0213696	0.162043333333333	0.009376	"Delante"
-0.0485430666666667	0.186116533333333	-0.00372746666666667	"Delante"
-0.0125370666666667	0.1738188	-0.00256786666666667	"Delante"
-0.0184173333333333	0.1658508	-0.0026528	"Delante"
-0.0271529333333333	0.1717716	0.0034028	"Delante"
-0.00985013333333333	0.166333066666667	-0.0142934666666667	"Delante"
-0.0054792	0.150244266666667	-0.00734773333333333	"Delante"
-0.0177110666666667	0.1389604	-0.0098736	"Delante"
-0.0193924	0.0895164	-0.000722266666666667	"Delante"
-0.0196186666666667	0.0903742666666667	0.00108933333333333	"Delante"
-0.0205214666666667	0.103477066666667	-0.0002444	"Delante"
-0.0214909333333333	0.0910933333333333	-0.00416266666666667	"Delante"
-0.0236929333333333	0.0847609333333333	-0.00241773333333333	"Delante"
-0.0186001333333333	0.150510266666667	-0.00525213333333333	"Delante"
0.0159564	0.193072266666667	-0.0128656	"Delante"
-0.00259426666666667	0.162702933333333	-0.0145949333333333	"Delante"
0.0151018666666667	0.177639066666667	-0.0151978666666667	"Delante"
0.0376010666666667	0.160498666666667	-0.00223066666666667	"Delante"
0.0346509333333333	0.1407612	0.00187333333333333	"Delante"
0.0225018666666667	0.2419372	-0.00342493333333333	"Delante"
0.00114773333333333	0.412143866666667	0.0100145333333333	"Delante"
-0.0248822666666667	0.389751066666667	0.0228549333333333	"Delante"
-0.0127270666666667	0.297826133333333	0.0105116	"Delante"
-0.00384946666666667	0.176665466666667	0.00989813333333333	"Delante"
-0.00650053333333333	0.0934804	0.0003276	"Delante"
-0.00804813333333333	0.0842986666666667	0.00175613333333333	"Delante"
-0.00856506666666667	0.0824432	0.0026544	"Delante"
-0.0104470666666667	0.0990722666666667	0.0007672	"Delante"
-0.00944906666666667	0.0720021333333333	0.0007784	"Delante"
-0.00757893333333333	0.1182632	-0.00289813333333333	"Delante"
-0.0137225333333333	0.362032133333333	0.0304409333333333	"Delante"
-0.0190684	0.452863333333333	0.0614633333333333	"Delante"
-0.0170024	0.378562133333333	0.0317034666666667	"Delante"
0.0564232	0.350111333333333	0.0084232	"Delante"
0.0658197333333333	0.347113466666667	-0.0294485333333333	"Delante"
0.063276	0.339264	-0.0144442666666667	"Delante"
0.0586949333333333	0.3455912	-0.0206137333333333	"Delante"
0.0665886666666667	0.3314584	-0.0203082666666667	"Delante"
0.0736658666666667	0.334766666666667	-0.038644	"Delante"
0.0779984	0.3009204	-0.0314989333333333	"Delante"
0.0502572	0.3220108	-0.0191306666666667	"Delante"
0.0237912	0.4493876	0.0275429333333333	"Delante"
-0.0086528	0.392511066666667	0.0376713333333333	"Delante"
-0.027256	0.363146933333333	0.025182	"Delante"
-0.0070532	0.2262	0.0157576	"Delante"
0.00594186666666667	0.2529484	0.0162756	"Delante"
0.00864093333333333	0.216599733333333	0.0113297333333333	"Delante"
0.00230946666666667	0.157960266666667	0.00193053333333333	"Delante"
-0.00621506666666667	0.192603066666667	0.0075508	"Delante"
0.00179453333333333	0.2226412	0.0148888	"Delante"
-0.00153093333333333	0.167464	-0.00190013333333333	"Delante"
-0.003732	0.1670432	0.00206013333333333	"Delante"
-0.00758613333333333	0.1353612	0.00240853333333333	"Delante"
-0.00943213333333333	0.1332648	-0.0047964	"Delante"
-0.00987773333333333	0.180009733333333	0.00200013333333333	"Delante"
0.0121145333333333	0.324162133333333	0.0046676	"Delante"
0.0413949333333333	0.484389333333333	0.0181352	"Delante"
0.0759474666666667	0.4802176	0.0162773333333333	"Delante"
0.0626170666666667	0.494788133333333	0.0151470666666667	"Delante"
0.0857598666666667	0.4029888	0.0355848	"Delante"
0.0392653333333333	0.2900972	0.0117933333333333	"Delante"
0.0542952	0.2794916	-0.00593613333333333	"Delante"
0.0222232	0.199003466666667	0.0118798666666667	"Delante"
0.0157717333333333	0.1572876	0.0170269333333333	"Delante"
0.0170329333333333	0.0862712	0.0102064	"Delante"
0.0168889333333333	0.097388	0.0108926666666667	"Delante"
0.0191154666666667	0.0994873333333333	0.0115377333333333	"Delante"
0.0194313333333333	0.103515733333333	-0.00134666666666667	"Delante"
0.0213341333333333	0.1110024	-0.00438986666666667	"Delante"
0.0204306666666667	0.103060266666667	-0.00469026666666667	"Delante"
0.0189578666666667	0.1440604	-0.00316866666666667	"Delante"
-0.1254476	0.2824396	0.0246381333333333	"Delante"
-0.1268112	0.256394533333333	0.0421926666666667	"Delante"
-0.0693988	0.218890933333333	0.00643826666666667	"Delante"
-0.0800765333333333	0.166012666666667	0.0124264	"Delante"
-0.08993	0.178002533333333	0.0199682666666667	"Delante"
-0.0601434666666667	0.158146133333333	-0.000802133333333333	"Delante"
-0.0688128	0.177769333333333	0.000410533333333333	"Delante"
-0.0761824	0.176382133333333	-0.00449893333333333	"Delante"
-0.0696385333333333	0.216262133333333	-0.0207626666666667	"Delante"
-0.0517525333333333	0.161382533333333	-0.00514013333333333	"Delante"
-0.0558132	0.187378133333333	-0.00965946666666667	"Delante"
-0.0420457333333333	0.193662933333333	-0.00598746666666667	"Delante"
0.0265005333333333	0.240855466666667	0.0025064	"Delante"
0.018448	0.26452	0.0134690666666667	"Delante"
-0.0635672	0.167863733333333	0.00236906666666667	"Delante"
-0.0595065333333333	0.161250666666667	-0.0192346666666667	"Delante"
-0.0652728	0.177583333333333	-0.00135333333333333	"Delante"
-0.067936	0.1628924	-0.000672	"Delante"
-0.0386974666666667	0.147434	-0.00563853333333333	"Delante"
-0.0616269333333333	0.1413516	0.004658	"Delante"
-0.0352709333333333	0.1303972	-0.00623346666666667	"Delante"
-0.0407248	0.1352504	-0.00948066666666667	"Delante"
-0.0507868	0.142648666666667	-0.00642973333333333	"Delante"
-0.0576868	0.149774933333333	-0.00541266666666667	"Delante"
-0.0471492	0.144385866666667	0.00599906666666667	"Delante"
-0.0258722666666667	0.143243466666667	0.00598506666666667	"Delante"
-0.0364578666666667	0.183364266666667	0.00263306666666667	"Delante"
-0.0344296	0.161642266666667	0.0048152	"Delante"
-0.0367014666666667	0.1636216	0.010814	"Delante"
-0.0310714666666667	0.1663104	0.0402789333333333	"Delante"
-0.0436885333333333	0.166923866666667	0.00222773333333333	"Delante"
-0.0398190666666667	0.139691333333333	0.00474666666666667	"Delante"
-0.0225534666666667	0.112204	0.00418346666666667	"Delante"
-0.0232332	0.148559333333333	0.0113462666666667	"Delante"
-0.0357928	0.149128266666667	0.0142684	"Delante"
-0.0334977333333333	0.1163796	-0.0101244	"Delante"
-0.0298442666666667	0.102386533333333	0.00744546666666667	"Delante"
-0.0292290666666667	0.102533733333333	0.0154961333333333	"Delante"
-0.01656	0.0554014666666667	-0.0028504	"Delante"
-0.0220525333333333	0.0908461333333333	0.0045784	"Delante"
-0.00430213333333333	0.066984	0.00898746666666667	"Delante"
-0.0142664	0.105484666666667	0.0081708	"Delante"
0.00548466666666667	0.1445188	0.0134753333333333	"Delante"
0.0219125333333333	0.161535866666667	0.0116217333333333	"Delante"
0.00735213333333333	0.1363748	0.0110173333333333	"Delante"
-0.00142773333333333	0.132666	0.0135258666666667	"Delante"
-0.0191808	0.144034933333333	0.0097516	"Delante"
-0.0143806666666667	0.135077333333333	0.0054492	"Delante"
-0.0159797333333333	0.150128266666667	0.0146576	"Delante"
0.387692666666667	0.05457	-0.0533121333333333	"Left"
0.491400533333333	0.0459038666666667	-0.0692070666666667	"Left"
0.4861552	0.077424	-0.0901118666666667	"Left"
0.508564666666667	0.0665174666666667	-0.0958332	"Left"
0.448743066666667	0.0562408	-0.0745424	"Left"
0.3332012	0.0420202666666667	-0.0386670666666667	"Left"
0.252755866666667	0.0346745333333333	-0.0250569333333333	"Left"
0.271172133333333	0.0392626666666667	-0.0242242666666667	"Left"
0.317636533333333	0.0362050666666667	-0.0251244	"Left"
0.282174	0.0236861333333333	-0.0115569333333333	"Left"
0.342335333333333	0.0372529333333333	-0.0156072	"Left"
0.632292	0.0660969333333333	-0.0695508	"Left"
0.5209116	0.0575762666666667	-0.0818077333333333	"Left"
0.4770604	0.0363084	-0.0732070666666667	"Left"
0.481174666666667	0.0434096	-0.0618065333333333	"Left"
0.671266933333333	0.0710621333333333	-0.0841084	"Left"
0.67374	0.0763414666666667	-0.0809709333333333	"Left"
0.6465268	0.0620305333333333	-0.0947012	"Left"
0.501444933333333	0.0551917333333333	-0.0370196	"Left"
0.465409333333333	0.0548390666666667	-0.056042	"Left"
0.355634666666667	0.0385421333333333	-0.0254658666666667	"Left"
0.294251066666667	0.0380373333333333	-0.0175410666666667	"Left"
0.260522	0.0355768	-0.0154286666666667	"Left"
0.2200468	0.0273846666666667	-0.00907266666666667	"Left"
0.188711866666667	0.0156158666666667	-0.0038236	"Left"
0.158487866666667	0.0111486666666667	-0.00690893333333333	"Left"
0.239506133333333	0.0166542666666667	-0.0100857333333333	"Left"
0.2022616	0.0104964	-0.0123145333333333	"Left"
0.264054266666667	0.0280268	-0.0215006666666667	"Left"
0.2621748	0.0242821333333333	-0.014216	"Left"
0.257624933333333	0.0204514666666667	-0.01886	"Left"
0.233958133333333	0.0176250666666667	-0.0216138666666667	"Left"
0.282534533333333	0.0271689333333333	-0.015732	"Left"
0.268173866666667	0.0211318666666667	-0.0222950666666667	"Left"
0.450076266666667	0.0429424	-0.0335533333333333	"Left"
0.562385466666667	0.0497102666666667	-0.0533642666666667	"Left"
0.324403333333333	0.0266092	-0.021592	"Left"
0.314218933333333	0.0251104	-0.0136773333333333	"Left"
0.243785733333333	0.0229284	-0.0129968	"Left"
0.232554533333333	0.0230332	-0.00844706666666667	"Left"
0.219881733333333	0.035386	-0.0235792	"Left"
0.273893066666667	0.0449093333333333	-0.0334009333333333	"Left"
0.265085466666667	0.0356961333333333	-0.0378872	"Left"
0.249300266666667	0.0365326666666667	-0.0307494666666667	"Left"
0.2468392	0.0261702666666667	-0.0340718666666667	"Left"
0.302018133333333	0.0349564	-0.0334936	"Left"
0.282411333333333	0.0357377333333333	-0.022928	"Left"
0.385069066666667	0.047742	-0.0315450666666667	"Left"
0.357378533333333	0.0535877333333333	-0.0378472	"Left"
0.322160133333333	0.0487982666666667	-0.0282262666666667	"Left"
0.336511466666667	0.0457064	-0.0322926666666667	"Left"
0.351335733333333	0.0360226666666667	-0.0408626666666667	"Left"
0.339457333333333	0.0236102666666667	-0.0406670666666667	"Left"
0.213296533333333	0.011392	-0.0072488	"Left"
0.188619733333333	0.0052976	0.00342666666666667	"Left"
0.2211892	0.0067412	0.00878146666666667	"Left"
0.2274588	0.00774733333333333	0.00364013333333333	"Left"
0.274569466666667	0.0124288	0.0065976	"Left"
0.100064933333333	0.00383546666666667	-0.0017084	"Left"
0.0562312	0.0010164	-0.0006608	"Left"
0.0466766666666667	0.00165813333333333	-0.000704	"Left"
0.0825678666666667	0.0017776	-0.000713333333333333	"Left"
0.258172933333333	0.013138	0.0080812	"Left"
0.154766533333333	-0.00410213333333333	-0.00548306666666667	"Left"
0.198349466666667	0.00633813333333333	-0.0116906666666667	"Left"
0.491053866666667	0.0335441333333333	-0.0281112	"Left"
0.767027733333333	0.0792456	-0.0463778666666667	"Left"
0.691731466666667	0.0675945333333333	-0.0498552	"Left"
0.477435066666667	0.0096456	-0.0338549333333333	"Left"
0.359317066666667	0.0119672	-0.0174886666666667	"Left"
0.383686933333333	0.00887346666666667	-0.0167829333333333	"Left"
0.332288	0.010246	-0.0125737333333333	"Left"
0.203118933333333	0.0009068	-0.00370626666666667	"Left"
0.153586933333333	0.00450813333333333	-0.0130121333333333	"Left"
0.1366284	0.00248973333333333	-0.0124985333333333	"Left"
0.182531333333333	-0.00101613333333333	-0.0153584	"Left"
0.268100133333333	0.0028104	-0.0221356	"Left"
0.414326133333333	0.0111258666666667	-0.0514745333333333	"Left"
0.4528864	0.0193486666666667	-0.0716329333333333	"Left"
0.580532533333333	0.0355744	-0.0699986666666667	"Left"
0.459118666666667	0.0137504	-0.0631905333333333	"Left"
0.443783466666667	0.0157590666666667	-0.08102	"Left"
0.4701212	0.0250768	-0.0821613333333333	"Left"
0.436903333333333	0.0151241333333333	-0.0531508	"Left"
0.4169488	0.0204834666666667	-0.0411385333333333	"Left"
0.311847066666667	0.0100032	-0.0285301333333333	"Left"
0.226187066666667	0.00321573333333333	-0.0135861333333333	"Left"
0.251196	0.00608626666666667	-0.0189570666666667	"Left"
0.2907128	-0.0017288	-0.0185412	"Left"
0.2529192	0.0065088	-0.0165214666666667	"Left"
0.276212933333333	0.00705213333333333	-0.0144062666666667	"Left"
0.267678533333333	0.00308653333333333	-0.021448	"Left"
0.192930933333333	-0.00587653333333333	-0.0117269333333333	"Left"
0.215147466666667	0.00519026666666667	-0.0212137333333333	"Left"
0.218200533333333	0.00182213333333333	-0.0242302666666667	"Left"
0.323834533333333	0.0220829333333333	-0.0366033333333333	"Left"
0.483979866666667	0.0286544	-0.0812268	"Left"
0.610094133333333	0.0374204	-0.105055333333333	"Left"
0.636547333333333	0.0307048	-0.136540133333333	"Left"
0.646584133333333	0.046128	-0.159147466666667	"Left"
0.622308266666667	0.0545594666666667	-0.157513733333333	"Left"
0.648558666666667	0.0667570666666667	-0.1656956	"Left"
0.691910533333333	0.0692654666666667	-0.162812533333333	"Left"
0.543124266666667	0.0415246666666667	-0.135974133333333	"Left"
0.424139066666667	0.0309590666666667	-0.0492857333333333	"Left"
0.4631564	0.0275348	-0.058558	"Left"
0.5292704	0.0530153333333333	-0.0252734666666667	"Left"
0.485086133333333	0.0462125333333333	-0.0170669333333333	"Left"
0.434120533333333	0.0335417333333333	-0.0196602666666667	"Left"
0.222940933333333	0.0101	-0.00124733333333333	"Left"
0.256738	0.00844586666666667	-0.00783946666666667	"Left"
0.2475612	0.0102137333333333	-0.0113890666666667	"Left"
0.249966933333333	0.0176334666666667	-0.00812453333333333	"Left"
0.297281333333333	0.0127198666666667	-0.00639466666666667	"Left"
0.3429068	0.0367134666666667	-0.00419226666666667	"Left"
0.244314133333333	0.0200917333333333	-0.006392	"Left"
0.3307436	0.0327097333333333	-0.00304146666666667	"Left"
0.44117	0.0513008	-0.0092568	"Left"
0.547826533333333	0.0367381333333333	-0.0115530666666667	"Left"
0.604469466666667	0.0468757333333333	-0.0163842666666667	"Left"
0.589627733333333	0.0394864	0.0055972	"Left"
0.559374	0.0399674666666667	-0.0016984	"Left"
0.529340933333333	0.0407882666666667	-0.00466573333333333	"Left"
0.492963866666667	0.0617232	-0.0198485333333333	"Left"
0.487553466666667	0.0392448	0.0040684	"Left"
0.519491066666667	0.0655341333333333	0.0040944	"Left"
0.466890266666667	0.04312	-0.0187762666666667	"Left"
0.475118133333333	0.0444250666666667	-0.0024	"Left"
0.472178533333333	0.06104	-0.0077952	"Left"
0.448276	0.0383065333333333	0.0008492	"Left"
0.4952352	0.0350048	0.00189746666666667	"Left"
0.662894666666667	0.0495554666666667	0.00440533333333333	"Left"
0.626369466666667	0.0286245333333333	-0.0217874666666667	"Left"
0.7623152	0.0536050666666667	-0.0685754666666667	"Left"
0.7205084	0.0354625333333333	-0.0534914666666667	"Left"
0.397403466666667	0.0266273333333333	-0.0279309333333333	"Left"
0.4579312	0.024996	-0.0238156	"Left"
0.314773466666667	0.0529205333333333	-0.0140518666666667	"Left"
0.340067066666667	0.020882	-0.0223833333333333	"Left"
0.362128133333333	0.030716	-0.0219869333333333	"Left"
0.232502666666667	0.016774	-0.00955493333333333	"Left"
0.363922	0.0283509333333333	-0.00959346666666667	"Left"
0.6090856	0.0491994666666667	-0.0171594666666667	"Left"
0.4630536	0.0311301333333333	-0.0236538666666667	"Left"
0.540227733333333	0.0294661333333333	-0.0283842666666667	"Left"
0.4936104	0.0303769333333333	-0.00668133333333333	"Left"
0.408282666666667	0.0097032	-0.00654186666666667	"Left"
0.4817332	0.0170456	-0.00929346666666667	"Left"
0.326070266666667	0.0174449333333333	-0.0108149333333333	"Left"
0.221778	0.0066036	-0.00715186666666667	"Left"
0.223738666666667	0.00545893333333333	-0.0099376	"Left"
0.266152266666667	0.012846	-0.0064108	"Left"
-0.369566933333333	-0.0573434666666667	0.0388333333333333	"Right"
-0.519114933333333	-0.0690825333333333	0.0613948	"Right"
-0.466835733333333	-0.076196	0.0814189333333333	"Right"
-0.512966133333333	-0.0843002666666667	0.0764548	"Right"
-0.427824933333333	-0.0617388	0.0646173333333333	"Right"
-0.3046504	-0.048716	0.0408142666666667	"Right"
-0.291234533333333	-0.0443948	0.0298253333333333	"Right"
-0.316860533333333	-0.0517073333333333	0.0236574666666667	"Right"
-0.318442933333333	-0.0510942666666667	0.0202528	"Right"
-0.312915733333333	-0.0392909333333333	0.0114956	"Right"
-0.458711733333333	-0.0608818666666667	0.0154564	"Right"
-0.6010196	-0.0685633333333333	0.0500130666666667	"Right"
-0.511319066666667	-0.0512836	0.0235681333333333	"Right"
-0.4122656	-0.0436181333333333	0.00865573333333333	"Right"
-0.5710304	-0.0577469333333333	0.0191944	"Right"
-0.6437736	-0.0469546666666667	0.0155124	"Right"
-0.669821466666667	-0.0710901333333333	0.00222173333333333	"Right"
-0.638698933333333	-0.0688332	0.0485061333333333	"Right"
-0.5127084	-0.0767277333333333	0.0388354666666667	"Right"
-0.443373333333333	-0.0705588	0.0511024	"Right"
-0.349982666666667	-0.0589708	0.0250410666666667	"Right"
-0.319299066666667	-0.0508941333333333	0.0187777333333333	"Right"
-0.253999466666667	-0.0481846666666667	0.0123834666666667	"Right"
-0.1876476	-0.0246209333333333	0.00115653333333333	"Right"
-0.222555466666667	-0.0272276	0.00271986666666667	"Right"
-0.2248104	-0.0338176	0.0109556	"Right"
-0.2808544	-0.0488334666666667	0.0219454666666667	"Right"
-0.309090933333333	-0.0391956	0.0191725333333333	"Right"
-0.271322933333333	-0.0348445333333333	0.0166261333333333	"Right"
-0.279869333333333	-0.0378970666666667	0.0174697333333333	"Right"
-0.240089066666667	-0.0429224	0.0165928	"Right"
-0.300109466666667	-0.0517213333333333	0.0193762666666667	"Right"
-0.332214	-0.0537872	0.0186329333333333	"Right"
-0.615996266666667	-0.0753101333333333	0.0310890666666667	"Right"
-0.390200533333333	-0.0572098666666667	0.0227198666666667	"Right"
-0.3403868	-0.0514808	0.0136996	"Right"
-0.320020533333333	-0.0413432	0.0129349333333333	"Right"
-0.232009066666667	-0.023042	0.0157458666666667	"Right"
-0.260846666666667	-0.0441141333333333	0.0301868	"Right"
-0.281958666666667	-0.0443088	0.0295345333333333	"Right"
-0.260313866666667	-0.0528629333333333	0.0344141333333333	"Right"
-0.260934533333333	-0.0438496	0.0340397333333333	"Right"
-0.289667066666667	-0.0422945333333333	0.0388789333333333	"Right"
-0.324884933333333	-0.0579344	0.0300361333333333	"Right"
-0.3143068	-0.0487209333333333	0.0295478666666667	"Right"
-0.354000533333333	-0.0684490666666667	0.0352332	"Right"
-0.349409866666667	-0.0688666666666667	0.0395010666666667	"Right"
-0.293933866666667	-0.0469934666666667	0.0208768	"Right"
-0.340353466666667	-0.0530204	0.0268388	"Right"
-0.396129466666667	-0.0409448	0.0289612	"Right"
-0.325551733333333	-0.0257289333333333	0.0321454666666667	"Right"
-0.1695764	-0.0044688	0.000851866666666667	"Right"
-0.1880748	-0.004808	-0.00737413333333333	"Right"
-0.20038	-0.005884	-0.0114912	"Right"
-0.229885466666667	-0.00692493333333333	-0.00132186666666667	"Right"
-0.224459733333333	-0.0084188	-0.00474853333333333	"Right"
-0.0979558666666667	-0.00315533333333333	0.000224266666666667	"Right"
-0.0617412	-0.000626533333333333	0.00208546666666667	"Right"
-0.0662170666666667	-0.00236106666666667	0.0012776	"Right"
-0.10456	-0.00278093333333333	-1.02666666666667e-05	"Right"
-0.234399466666667	-0.00449266666666667	-0.0100473333333333	"Right"
-0.122376666666667	-0.00976506666666667	0.00283786666666667	"Right"
-0.2706428	0.000375733333333333	0.0149478666666667	"Right"
-0.557708133333333	-0.0215534666666667	0.0307001333333333	"Right"
-0.740918	-0.019426	0.0645325333333333	"Right"
-0.666120266666667	-0.0349096	0.0640708	"Right"
-0.445108266666667	-0.0197726666666667	0.0304677333333333	"Right"
-0.3689272	-0.0198057333333333	0.0122404	"Right"
-0.3597796	-0.0192996	0.0185761333333333	"Right"
-0.3393696	-0.0243669333333333	0.0173905333333333	"Right"
-0.181567466666667	-0.00782013333333333	0.0106744	"Right"
-0.152741733333333	-0.00265146666666667	0.013282	"Right"
-0.178700266666667	-0.00485013333333333	0.0173722666666667	"Right"
-0.204692933333333	-0.00804666666666667	0.0199744	"Right"
-0.334290933333333	-0.0202549333333333	0.0359405333333333	"Right"
-0.422431733333333	-0.0329201333333333	0.0599201333333333	"Right"
-0.549387066666667	-0.0319678666666667	0.0688564	"Right"
-0.513470666666667	-0.0244628	0.0674576	"Right"
-0.445165466666667	-0.0179368	0.0592745333333333	"Right"
-0.460317333333333	-0.0170801333333333	0.0742217333333333	"Right"
-0.481368666666667	-0.0375646666666667	0.0701270666666667	"Right"
-0.428781466666667	-0.0342686666666667	0.0433588	"Right"
-0.3793528	-0.0381944	0.0435930666666667	"Right"
-0.287869866666667	-0.0157510666666667	0.0204786666666667	"Right"
-0.248386133333333	-0.0123069333333333	0.0154501333333333	"Right"
-0.29677	-0.00791733333333333	0.0182272	"Right"
-0.2541596	-0.0201482666666667	0.0160786666666667	"Right"
-0.283369866666667	-0.0232988	0.0142832	"Right"
-0.3176096	-0.0165110666666667	0.0238985333333333	"Right"
-0.2686108	-0.0113824	0.0176418666666667	"Right"
-0.233885333333333	-0.011072	0.0280936	"Right"
-0.2649284	-0.0193122666666667	0.0294561333333333	"Right"
-0.506406266666667	-0.0273981333333333	0.0619870666666667	"Right"
-0.506496933333333	-0.015228	0.065198	"Right"
-0.604960533333333	-0.0116828	0.0635004	"Right"
-0.653878666666667	0.0191214666666667	0.0998537333333333	"Right"
-0.593095066666667	0.032766	0.125831866666667	"Right"
-0.676614933333333	0.0082236	0.1540352	"Right"
-0.6524556	-0.018888	0.161990533333333	"Right"
-0.683180533333333	-0.0121532	0.156933733333333	"Right"
-0.4481912	-0.0261084	0.0762286666666667	"Right"
-0.4463812	-0.0397916	0.0450834666666667	"Right"
-0.533467066666667	-0.0641145333333333	0.0395614666666667	"Right"
-0.526808533333333	-0.0720178666666667	0.00439093333333333	"Right"
-0.520499733333333	-0.0614034666666667	0.004298	"Right"
-0.269001333333333	-0.01857	0.0054396	"Right"
-0.292276533333333	-0.0232590666666667	0.00350226666666667	"Right"
-0.244527466666667	-0.0190546666666667	0.0120385333333333	"Right"
-0.2994104	-0.0280937333333333	0.0146762666666667	"Right"
-0.231237066666667	-0.0382317333333333	0.00968213333333333	"Right"
-0.2762612	-0.0242934666666667	0.0115257333333333	"Right"
-0.2407712	-0.0265358666666667	0.0059924	"Right"
-0.297595466666667	-0.0290504	0.0197137333333333	"Right"
-0.3279244	-0.0412141333333333	0.0124824	"Right"
-0.471702133333333	-0.0445158666666667	0.0128738666666667	"Right"
-0.619824133333333	-0.0469346666666667	0.0194873333333333	"Right"
-0.623789333333333	-0.0377029333333333	0.00639626666666667	"Right"
-0.566173466666667	-0.0255425333333333	0.000694133333333333	"Right"
-0.5698112	-0.0407712	0.00797693333333333	"Right"
-0.5238636	-0.0277438666666667	0.0184656	"Right"
-0.488272533333333	-0.0459977333333333	0.0273257333333333	"Right"
-0.486271733333333	-0.0459657333333333	0.00763373333333333	"Right"
-0.4997768	-0.025478	0.0107942666666667	"Right"
-0.476613866666667	-0.0538474666666667	0.0136498666666667	"Right"
-0.516806266666667	-0.0331672	0.00293413333333333	"Right"
-0.434234933333333	-0.0149345333333333	0.007146	"Right"
-0.5167088	-0.0433442666666667	-0.00121866666666667	"Right"
-0.5706616	-0.0412021333333333	2.69333333333333e-05	"Right"
-0.6752872	-0.0225850666666667	-0.0209489333333333	"Right"
-0.706508266666667	-0.029038	-0.0331553333333333	"Right"
-0.756456933333333	-0.0301809333333333	-0.0351065333333333	"Right"
-0.513878933333333	-0.0206322666666667	0.0242834666666667	"Right"
-0.415150666666667	-0.0394458666666667	0.0225192	"Right"
-0.337647466666667	-0.0236305333333333	0.0200334666666667	"Right"
-0.3415668	-0.0244949333333333	0.0251748	"Right"
-0.3820836	-0.0197828	0.0252352	"Right"
-0.2746384	-0.018184	0.0198662666666667	"Right"
-0.279655466666667	-0.0263886666666667	0.012116	"Right"
-0.427681866666667	-0.0196510666666667	0.00377173333333333	"Right"
-0.525396933333333	-0.0385964	0.0125769333333333	"Right"
-0.789150533333333	-0.0351774666666667	0.0212926666666667	"Right"
-0.522786533333333	-0.0180716	0.0134090666666667	"Right"
-0.330608133333333	-0.00412626666666667	-0.00157866666666667	"Right"
-0.473896	0.0004336	-0.00494493333333333	"Right"
-0.428091866666667	-0.0175833333333333	0.0110353333333333	"Right"
-0.2472964	-0.00636893333333333	0.0101558666666667	"Right"
-0.303929866666667	-0.00692986666666667	0.0130418666666667	"Right"
-0.328988933333333	-0.0146686666666667	0.0065696	"Right"
-0.344418933333333	-0.0217808	0.00936773333333333	"Right"
-0.305378	-0.0140077333333333	0.0115950666666667	"Right"
-0.362551466666667	-0.0127081333333333	0.0099764	"Right"
-0.334108133333333	-0.0074572	0.00174946666666667	"Right"
-4.17333333333333e-05	4.53333333333333e-06	8.98666666666667e-05	"Estable"
4.4e-06	4.66666666666667e-06	8.56e-05	"Estable"
-3.06666666666667e-06	-1.48e-05	3.93333333333333e-05	"Estable"
-3.92e-05	-1.66666666666667e-05	4.32e-05	"Estable"
-2.26666666666667e-05	2.93333333333333e-06	3.66666666666667e-05	"Estable"
1.01333333333333e-05	2.8e-06	6.02666666666667e-05	"Estable"
7.2e-06	-1.33333333333333e-07	7.4e-05	"Estable"
4.72e-05	1.46666666666667e-05	8.13333333333333e-05	"Estable"
4.16e-05	1.44e-05	0.000133466666666667	"Estable"
-4.46666666666667e-05	-2.8e-06	9.57333333333333e-05	"Estable"
-2.30666666666667e-05	-1.06666666666667e-06	0.0001068	"Estable"
-2.76e-05	-1.70666666666667e-05	9.22666666666667e-05	"Estable"
-4.81333333333333e-05	1.18666666666667e-05	0.000103066666666667	"Estable"
2.58666666666667e-05	1.46666666666667e-05	9.84e-05	"Estable"
2.04e-05	2.66666666666667e-07	0.0001176	"Estable"
-6.53333333333333e-06	-2.66666666666667e-06	9.81333333333333e-05	"Estable"
-4.6e-05	-3.49333333333333e-05	6.84e-05	"Estable"
-6.53333333333333e-06	1.58666666666667e-05	7.98666666666667e-05	"Estable"
-3.13333333333333e-05	-9.33333333333333e-06	9.17333333333333e-05	"Estable"
1.17333333333333e-05	-7.06666666666667e-06	7.54666666666667e-05	"Estable"
-2.92e-05	-2.58666666666667e-05	6.45333333333333e-05	"Estable"
-4.42666666666667e-05	-2.97333333333333e-05	1.26666666666667e-05	"Estable"
-4.30666666666667e-05	-1.06666666666667e-05	8.89333333333333e-05	"Estable"
-3.97333333333333e-05	-1.38666666666667e-05	8.37333333333333e-05	"Estable"
-7.30666666666667e-05	-1.37333333333333e-05	4.82666666666667e-05	"Estable"
-7.50666666666667e-05	-3.89333333333333e-05	7.77333333333333e-05	"Estable"
-2.2e-05	2.88e-05	8.6e-05	"Estable"
-1.38666666666667e-05	-9.33333333333334e-07	0.000112133333333333	"Estable"
2.30666666666667e-05	4.30666666666667e-05	0.000141733333333333	"Estable"
-2e-05	3.22666666666667e-05	0.000132	"Estable"
-3.84e-05	2.24e-05	0.0001164	"Estable"
-6.96e-05	-8.93333333333333e-06	0.0001276	"Estable"
-7.33333333333333e-05	-1.82666666666667e-05	0.000140533333333333	"Estable"
-3.53333333333333e-05	2.18666666666667e-05	0.000104533333333333	"Estable"
-1.56e-05	5.46666666666667e-06	0.000146933333333333	"Estable"
-2.2e-05	-2e-06	0.000118266666666667	"Estable"
-2.46666666666667e-05	1.12e-05	0.000160666666666667	"Estable"
-5.26666666666667e-05	-6e-06	0.000104	"Estable"
-5.49333333333333e-05	-7.86666666666667e-06	0.000115066666666667	"Estable"
-5.09333333333333e-05	-1.42666666666667e-05	0.000107466666666667	"Estable"
-1.6e-05	-4.13333333333333e-06	4.53333333333333e-05	"Estable"
1.30666666666667e-05	-1.50666666666667e-05	0.000113333333333333	"Estable"
-1.46666666666667e-06	3.14666666666667e-05	0.0001148	"Estable"
4.46666666666667e-05	4.4e-05	0.000144266666666667	"Estable"
2.44e-05	1.97333333333333e-05	9.92e-05	"Estable"
4.4e-05	3.72e-05	0.0001668	"Estable"
3.6e-05	2.61333333333333e-05	9.48e-05	"Estable"
3.46666666666667e-06	1.81333333333333e-05	0.0001012	"Estable"
-8.93333333333333e-06	-8e-06	7.22666666666667e-05	"Estable"
1.05333333333333e-05	8.93333333333333e-06	7.17333333333333e-05	"Estable"
2.08e-05	2.89333333333333e-05	0.000107333333333333	"Estable"
2.49333333333333e-05	3.69333333333333e-05	1e-04	"Estable"
3.64e-05	3.56e-05	0.000115866666666667	"Estable"
8.4e-06	2.45333333333333e-05	5.16e-05	"Estable"
4.93333333333333e-06	5.46666666666667e-06	7.36e-05	"Estable"
-1.10666666666667e-05	2.88e-05	0.000114933333333333	"Estable"
-5.2e-06	1.86666666666667e-05	7.96e-05	"Estable"
2.48e-05	1.32e-05	8.65333333333333e-05	"Estable"
2.13333333333333e-05	3.17333333333333e-05	4.22666666666667e-05	"Estable"
2.69333333333333e-05	5.01333333333333e-05	6.88e-05	"Estable"
2.97333333333333e-05	3.28e-05	9.73333333333333e-05	"Estable"
-1.28e-05	1.17333333333333e-05	7.25333333333333e-05	"Estable"
2.26666666666667e-05	3.37333333333333e-05	9.01333333333333e-05	"Estable"
5.90666666666667e-05	5.97333333333333e-05	8.30666666666667e-05	"Estable"
-3.86666666666667e-06	2.12e-05	6.38666666666667e-05	"Estable"
3.33333333333333e-06	2.37333333333333e-05	5.65333333333333e-05	"Estable"
9.06666666666667e-06	3.96e-05	8.76e-05	"Estable"
1.48e-05	3.73333333333333e-05	0.000104133333333333	"Estable"
-3.06666666666667e-05	1.05333333333333e-05	9.73333333333333e-05	"Estable"
-6e-05	9.73333333333333e-06	0.000101333333333333	"Estable"
-2.66666666666667e-07	3.12e-05	0.0001304	"Estable"
-1.26666666666667e-05	3.58666666666667e-05	0.0001124	"Estable"
-1.09333333333333e-05	1.29333333333333e-05	7.68e-05	"Estable"
7.06666666666667e-06	2.93333333333333e-05	0.000147066666666667	"Estable"
-1.02666666666667e-05	-1.86666666666667e-06	9.56e-05	"Estable"
7.86666666666667e-06	1.86666666666667e-05	0.0001188	"Estable"
-1.26666666666667e-05	2.17333333333333e-05	0.0001128	"Estable"
-4.34666666666667e-05	2.32e-05	5.66666666666667e-05	"Estable"
-3.30666666666667e-05	1.74666666666667e-05	0.000114933333333333	"Estable"
-1.93333333333333e-05	1.26666666666667e-05	7.50666666666667e-05	"Estable"
-4.48e-05	-7.73333333333333e-06	5.26666666666667e-05	"Estable"
-8.01333333333333e-05	-3.08e-05	1.37333333333333e-05	"Estable"
-1.33333333333333e-07	7.73333333333333e-06	8.81333333333333e-05	"Estable"
-2.6e-05	2.66666666666667e-06	8.61333333333333e-05	"Estable"
-2.18666666666667e-05	4.49333333333333e-05	6.08e-05	"Estable"
-3.89333333333333e-05	1.37333333333333e-05	7.33333333333333e-05	"Estable"
-1.21333333333333e-05	2.97333333333333e-05	8.6e-05	"Estable"
2.26666666666667e-06	3.74666666666667e-05	0.000107466666666667	"Estable"
-4.76e-05	6.8e-06	8.2e-05	"Estable"
-3.82666666666667e-05	-8.13333333333333e-06	5.29333333333333e-05	"Estable"
-2.42666666666667e-05	-8e-07	3.06666666666667e-05	"Estable"
-5.12e-05	-1.84e-05	1.98666666666667e-05	"Estable"
-3.50666666666667e-05	-7.06666666666667e-06	1.85333333333333e-05	"Estable"
-5.02666666666667e-05	-1.17333333333333e-05	6.93333333333333e-05	"Estable"
-3.06666666666667e-05	1.41333333333333e-05	7.72e-05	"Estable"
-7.85333333333333e-05	-9.33333333333333e-06	7.01333333333333e-05	"Estable"
-5.32e-05	-4.26666666666667e-06	2.4e-05	"Estable"
-4.61333333333333e-05	-2.56e-05	1.22666666666667e-05	"Estable"
-4.08e-05	1.33333333333333e-07	4.08e-05	"Estable"
-1.92e-05	2.69333333333333e-05	8.57333333333333e-05	"Estable"
-5.16e-05	8.53333333333333e-06	6.36e-05	"Estable"
-2e-06	1.48e-05	2.29333333333333e-05	"Estable"
-6.06666666666667e-05	2.8e-05	5.92e-05	"Estable"
-4.22666666666667e-05	1.2e-06	2.64e-05	"Estable"
NA	NA	NA	"Estable"
NA	NA	NA	"Estable"
NA	NA	NA	"Estable"
NA	NA	NA	"Estable"
NA	NA	NA	"Estable"
NA	NA	NA	"Estable"
NA	NA	NA	"Estable"
NA	NA	NA	"Estable"
NA	NA	NA	"Estable"
NA	NA	NA	"Estable"
NA	NA	NA	"Estable"
NA	NA	NA	"Estable"
NA	NA	NA	"Estable"
NA	NA	NA	"Estable"
NA	NA	NA	"Estable"
NA	NA	NA	"Estable"
NA	NA	NA	"Estable"
NA	NA	NA	"Estable"
NA	NA	NA	"Estable"
NA	NA	NA	"Estable"
NA	NA	NA	"Estable"
NA	NA	NA	"Estable"
NA	NA	NA	"Estable"
NA	NA	NA	"Estable"
NA	NA	NA	"Estable"
NA	NA	NA	"Estable"
NA	NA	NA	"Estable"
NA	NA	NA	"Estable"
NA	NA	NA	"Estable"
NA	NA	NA	"Estable"
NA	NA	NA	"Estable"
NA	NA	NA	"Estable"
NA	NA	NA	"Estable"
NA	NA	NA	"Estable"
NA	NA	NA	"Estable"
NA	NA	NA	"Estable"
NA	NA	NA	"Estable"
NA	NA	NA	"Estable"
NA	NA	NA	"Estable"
NA	NA	NA	"Estable"
NA	NA	NA	"Estable"
NA	NA	NA	"Estable"
NA	NA	NA	"Estable"
NA	NA	NA	"Estable"
NA	NA	NA	"Estable"
NA	NA	NA	"Estable"
NA	NA	NA	"Estable"
NA	NA	NA	"Estable"
